VITE_OPENWEATHER_API_KEY=4b436612a6188029c780d3c33da1d409
VITE_WEATHER_LAT=43.673751
VITE_WEATHER_LON=40.294275
